Feature Importance:
duration: 0.291867
age: 0.108986
balance: 0.105457
day: 0.090282
month: 0.082930
pdays: 0.051087
job: 0.050255
poutcome: 0.043183
campaign: 0.038829
education: 0.031114
previous: 0.028072
marital: 0.024572
housing: 0.020737
contact: 0.019000
loan: 0.009498
default: 0.004130

Epsilon-Features:
contact: 0.019000
loan: 0.009498
default: 0.004130
