Feature Importance:
Perimeter: 0.253088
MajorAxisLength: 0.250344
ConvexArea: 0.146114
Area: 0.125058
Eccentricity: 0.091461
MinorAxisLength: 0.069837
Extent: 0.064098

Epsilon-Features:
Extent: 0.064098
