Feature Importance:
MajorAxisLength: 0.372359
Perimeter: 0.371587
ConvexArea: 0.302059
Area: 0.283387
Eccentricity: 0.149908
MinorAxisLength: 0.131328
Extent: 0.052275

Epsilon-Features:
Extent: 0.052275
