Feature Importance:
age: 0.166425
fnlwgt: 0.146484
relationship: 0.129058
marital-status: 0.112617
education: 0.088800
capital-gain: 0.085993
hours-per-week: 0.085537
occupation: 0.072225
workclass: 0.035565
capital-loss: 0.029387
sex: 0.018372
native-country: 0.014881
race: 0.014657

Epsilon-Features:
native-country: 0.014881
race: 0.014657
