Feature Importance:
duration: 0.320740
contact: 0.078255
balance: 0.072014
housing: 0.067157
month: 0.065976
age: 0.056648
day: 0.056289
pdays: 0.053893
job: 0.053713
poutcome: 0.042872
loan: 0.034195
campaign: 0.034126
education: 0.024240
marital: 0.024072
previous: 0.014991
default: 0.000820

Epsilon-Features:
marital: 0.024072
previous: 0.014991
default: 0.000820
