Feature Importance:
color_intensity: 0.175304
flavanoids: 0.149565
proline: 0.135888
alcohal: 0.125711
od_dilutedwines: 0.111638
hue: 0.081983
total_phenols: 0.065351
proanthocyanins: 0.038052
ash_alcalinity: 0.034717
magnesium: 0.032291
malic_acid: 0.026527
ash: 0.013935
nonflavanoids_phenols: 0.009038

Epsilon-Features:
ash: 0.013935
nonflavanoids_phenols: 0.009038
